    count    device gradient_accumulation     lr n_layers weight_decay weighted_mse_min_weight  min_loss  min_loss_2
186   206  'cuda:0'                     4  1e-05        8         0.01                     0.9  0.378218    0.390144
116   170  'cuda:0'                     4  1e-05        7         0.01                     0.9  0.384466    0.400352
145    45  'cuda:0'                     2  1e-05        4        1e-05                     0.2  0.388670    0.395368
165     6  'cuda:0'                     4  5e-06        3        1e-09                     0.2  0.389199    0.415689
161   175  'cuda:0'                     2  5e-05        7         0.01                     0.9  0.389208    0.402597
124    78  'cuda:0'                     4  5e-06        5        1e-09                     0.2  0.389282    0.406590
78    102  'cuda:0'                     4  1e-05        5        1e-09                     0.9  0.389436    0.403968
196   158  'cuda:0'                     4  5e-05        7         0.01                     0.2  0.390000    0.409717
42     52  'cuda:0'                     4  5e-05        4        1e-05                     0.2  0.390153    0.400867
160    69  'cuda:0'                     2  5e-05        4        1e-05                     0.9  0.390235    0.407583
187   133  'cuda:0'                     2  1e-05        6         0.01                     0.9  0.391212    0.398089
91    119  'cuda:0'                     2  1e-05        6        1e-09                     0.2  0.391595    0.412256
85    122  'cuda:0'                     4  5e-05        6         0.01                     0.2  0.392476    0.404548
109     8  'cuda:0'                     4  1e-05        3         0.01                     0.2  0.393016    0.399888
4      77  'cuda:0'                     2  5e-06        5        1e-09                     0.2  0.393769    0.414634
125   188  'cuda:0'                     4  1e-05        8         0.01                     0.2  0.393823    0.402007
90      5  'cuda:0'                     2  5e-06        3        1e-09                     0.2  0.394084    0.408758
58    139  'cuda:0'                     2  5e-05        6         0.01                     0.9  0.394169    0.394463
8      16  'cuda:0'                     4  5e-05        3        1e-05                     0.2  0.394378    0.399570
103    67  'cuda:0'                     2  5e-05        4         0.01                     0.9  0.394925    0.401794
34     84  'cuda:0'                     4  1e-05        5        1e-09                     0.2  0.395850    0.412334
184   160  'cuda:0'                     4  5e-05        7        1e-05                     0.2  0.395980    0.399354
204   101  'cuda:0'                     2  1e-05        5        1e-09                     0.9  0.396140    0.407887
35     30  'cuda:0'                     4  1e-05        3        1e-09                     0.9  0.396667    0.400581
56     56  'cuda:0'                     4  5e-06        4         0.01                     0.9  0.396911    0.415825
175    86  'cuda:0'                     4  5e-05        5         0.01                     0.2  0.397105    0.412125
152   121  'cuda:0'                     2  5e-05        6         0.01                     0.2  0.397112    0.406806
105    37  'cuda:0'                     2  5e-06        4         0.01                     0.2  0.397308    0.410341
156   187  'cuda:0'                     2  1e-05        8         0.01                     0.2  0.397382    0.407188
26    197  'cuda:0'                     2  5e-05        8        1e-09                     0.2  0.397406    0.405450
88    214  'cuda:0'                     4  5e-05        8        1e-05                     0.9  0.397580    0.413445
30    154  'cuda:0'                     4  1e-05        7        1e-05                     0.2  0.397587    0.404306
151     7  'cuda:0'                     2  1e-05        3         0.01                     0.2  0.397982    0.413002
73     19  'cuda:0'                     2  5e-06        3         0.01                     0.9  0.398426    0.409812
87    207  'cuda:0'                     2  1e-05        8        1e-05                     0.9  0.398484    0.406742
210    50  'cuda:0'                     4  5e-05        4         0.01                     0.2  0.398554    0.402881
44    149  'cuda:0'                     2  5e-06        7        1e-09                     0.2  0.398837    0.399633
172   215  'cuda:0'                     2  5e-05        8        1e-09                     0.9  0.398927    0.409847
40     54  'cuda:0'                     4  5e-05        4        1e-09                     0.2  0.399177    0.399700
36    180  'cuda:0'                     4  5e-05        7        1e-09                     0.9  0.399260    0.407525
120    55  'cuda:0'                     2  5e-06        4         0.01                     0.9  0.399389    0.414191
119    31  'cuda:0'                     2  5e-05        3         0.01                     0.9  0.399427    0.413405
97     12  'cuda:0'                     4  1e-05        3        1e-09                     0.2  0.399492    0.407208
29     23  'cuda:0'                     2  5e-06        3        1e-09                     0.9  0.399571    0.405154
211    41  'cuda:0'                     2  5e-06        4        1e-09                     0.2  0.399692    0.404828
74    162  'cuda:0'                     4  5e-05        7        1e-09                     0.2  0.400183    0.400480
147   118  'cuda:0'                     4  1e-05        6        1e-05                     0.2  0.400187    0.407524
205   181  'cuda:0'                     2  5e-06        8         0.01                     0.2  0.400798    0.402818
82    211  'cuda:0'                     2  5e-05        8         0.01                     0.9  0.400871    0.404899
200   103  'cuda:0'                     2  5e-05        5         0.01                     0.9  0.400890    0.414076
158    85  'cuda:0'                     2  5e-05        5         0.01                     0.2  0.400992    0.404134
43     33  'cuda:0'                     2  5e-05        3        1e-05                     0.9  0.401030    0.413899
101    24  'cuda:0'                     4  5e-06        3        1e-09                     0.9  0.401057    0.409400
24    157  'cuda:0'                     2  5e-05        7         0.01                     0.2  0.401175    0.401702
199   189  'cuda:0'                     2  1e-05        8        1e-05                     0.2  0.401533    0.417890
188    27  'cuda:0'                     2  1e-05        3        1e-05                     0.9  0.401629    0.416733
102   127  'cuda:0'                     2  5e-06        6         0.01                     0.9  0.401674    0.404032
137    49  'cuda:0'                     2  5e-05        4         0.01                     0.2  0.402078    0.407929
75     72  'cuda:0'                     4  5e-05        4        1e-09                     0.9  0.402278    0.406642
123    68  'cuda:0'                     4  5e-05        4         0.01                     0.9  0.402429    0.404317
2     167  'cuda:0'                     2  5e-06        7        1e-09                     0.9  0.402461    0.409115
146   173  'cuda:0'                     2  1e-05        7        1e-09                     0.9  0.402490    0.404594
41    109  'cuda:0'                     2  5e-06        6         0.01                     0.2  0.402650    0.414865
63    140  'cuda:0'                     4  5e-05        6         0.01                     0.9  0.402698    0.410479
122    73  'cuda:0'                     2  5e-06        5         0.01                     0.2  0.402790    0.410124
133   145  'cuda:0'                     2  5e-06        7         0.01                     0.2  0.403221    0.404485
108   196  'cuda:0'                     4  5e-05        8        1e-05                     0.2  0.403266    0.404318
94     10  'cuda:0'                     4  1e-05        3        1e-05                     0.2  0.403497    0.424294
21    212  'cuda:0'                     4  5e-05        8         0.01                     0.9  0.403559    0.410856
206   168  'cuda:0'                     4  5e-06        7        1e-09                     0.9  0.403645    0.413881
84    194  'cuda:0'                     4  5e-05        8         0.01                     0.2  0.403765    0.411863
150   176  'cuda:0'                     4  5e-05        7         0.01                     0.9  0.403794    0.410627
167   152  'cuda:0'                     4  1e-05        7         0.01                     0.2  0.403837    0.405861
170    36  'cuda:0'                     4  5e-05        3        1e-09                     0.9  0.403838    0.404631
27    134  'cuda:0'                     4  1e-05        6         0.01                     0.9  0.403942    0.411918
157   171  'cuda:0'                     2  1e-05        7        1e-05                     0.9  0.404006    0.407397
46     89  'cuda:0'                     2  5e-05        5        1e-09                     0.2  0.404194    0.405167
107   169  'cuda:0'                     2  1e-05        7         0.01                     0.9  0.404241    0.404689
208    76  'cuda:0'                     4  5e-06        5        1e-05                     0.2  0.404463    0.406219
139    60  'cuda:0'                     4  5e-06        4        1e-09                     0.9  0.404569    0.413481
171    34  'cuda:0'                     4  5e-05        3        1e-05                     0.9  0.404636    0.405204
55     15  'cuda:0'                     2  5e-05        3        1e-05                     0.2  0.404709    0.419253
197   107  'cuda:0'                     2  5e-05        5        1e-09                     0.9  0.404711    0.407734
129   117  'cuda:0'                     2  1e-05        6        1e-05                     0.2  0.404726    0.404767
95     48  'cuda:0'                     4  1e-05        4        1e-09                     0.2  0.404753    0.414245
179   143  'cuda:0'                     2  5e-05        6        1e-09                     0.9  0.404854    0.413966
13    166  'cuda:0'                     4  5e-06        7        1e-05                     0.9  0.405089    0.405972
72    129  'cuda:0'                     2  5e-06        6        1e-05                     0.9  0.405116    0.412570
209   216  'cuda:0'                     4  5e-05        8        1e-09                     0.9  0.405351    0.405546
135   161  'cuda:0'                     2  5e-05        7        1e-09                     0.2  0.405699    0.418630
185    13  'cuda:0'                     2  5e-05        3         0.01                     0.2  0.405739    0.409965
181    32  'cuda:0'                     4  5e-05        3         0.01                     0.9  0.405841    0.408899
144   104  'cuda:0'                     4  5e-05        5         0.01                     0.9  0.405980    0.409146
92     40  'cuda:0'                     4  5e-06        4        1e-05                     0.2  0.406024    0.415462
11    190  'cuda:0'                     4  1e-05        8        1e-05                     0.2  0.406039    0.415358
136   213  'cuda:0'                     2  5e-05        8        1e-05                     0.9  0.406099    0.408847
39     91  'cuda:0'                     2  5e-06        5         0.01                     0.9  0.406138    0.406255
189     3  'cuda:0'                     2  5e-06        3        1e-05                     0.2  0.406188    0.406951
12    124  'cuda:0'                     4  5e-05        6        1e-05                     0.2  0.406242    0.407813
106    81  'cuda:0'                     2  1e-05        5        1e-05                     0.2  0.406318    0.417882
190    82  'cuda:0'                     4  1e-05        5        1e-05                     0.2  0.406395    0.412418
96     63  'cuda:0'                     2  1e-05        4        1e-05                     0.9  0.406462    0.408031
168   153  'cuda:0'                     2  1e-05        7        1e-05                     0.2  0.406539    0.408951
3     156  'cuda:0'                     4  1e-05        7        1e-09                     0.2  0.406582    0.406665
47     64  'cuda:0'                     4  1e-05        4        1e-05                     0.9  0.406613    0.415178
112   210  'cuda:0'                     4  1e-05        8        1e-09                     0.9  0.406644    0.407916
68      4  'cuda:0'                     4  5e-06        3        1e-05                     0.2  0.406651    0.410235
182    25  'cuda:0'                     2  1e-05        3         0.01                     0.9  0.406751    0.413806
143    35  'cuda:0'                     2  5e-05        3        1e-09                     0.9  0.406934    0.409273
100   155  'cuda:0'                     2  1e-05        7        1e-09                     0.2  0.407001    0.409880
33    163  'cuda:0'                     2  5e-06        7         0.01                     0.9  0.407190    0.410871
19     11  'cuda:0'                     2  1e-05        3        1e-09                     0.2  0.407256    0.416888
54    120  'cuda:0'                     4  1e-05        6        1e-09                     0.2  0.407517    0.412142
45    130  'cuda:0'                     4  5e-06        6        1e-05                     0.9  0.407549    0.413534
70     43  'cuda:0'                     2  1e-05        4         0.01                     0.2  0.407592    0.414525
65     97  'cuda:0'                     2  1e-05        5         0.01                     0.9  0.407890    0.418227
23    185  'cuda:0'                     2  5e-06        8        1e-09                     0.2  0.407917    0.408243
93    137  'cuda:0'                     2  1e-05        6        1e-09                     0.9  0.407944    0.412686
180    28  'cuda:0'                     4  1e-05        3        1e-05                     0.9  0.408080    0.421535
178   148  'cuda:0'                     4  5e-06        7        1e-05                     0.2  0.408247    0.414596
89    131  'cuda:0'                     2  5e-06        6        1e-09                     0.9  0.408447    0.412628
148    18  'cuda:0'                     4  5e-05        3        1e-09                     0.2  0.408551    0.415804
121     1  'cuda:0'                     2  5e-06        3         0.01                     0.2  0.408667    0.409458
153    59  'cuda:0'                     2  5e-06        4        1e-09                     0.9  0.408696    0.419664
67     21  'cuda:0'                     2  5e-06        3        1e-05                     0.9  0.408697    0.409593
62    193  'cuda:0'                     2  5e-05        8         0.01                     0.2  0.408866    0.411752
166   141  'cuda:0'                     2  5e-05        6        1e-05                     0.9  0.408870    0.410285
141    20  'cuda:0'                     4  5e-06        3         0.01                     0.9  0.409039    0.418393
104    47  'cuda:0'                     2  1e-05        4        1e-09                     0.2  0.409079    0.409613
194    62  'cuda:0'                     4  1e-05        4         0.01                     0.9  0.409115    0.409784
53    177  'cuda:0'                     2  5e-05        7        1e-05                     0.9  0.409167    0.412907
28     26  'cuda:0'                     4  1e-05        3         0.01                     0.9  0.409304    0.409447
134    46  'cuda:0'                     4  1e-05        4        1e-05                     0.2  0.409459    0.410487
31    100  'cuda:0'                     4  1e-05        5        1e-05                     0.9  0.409577    0.416378
202   172  'cuda:0'                     4  1e-05        7        1e-05                     0.9  0.409732    0.414736
140   209  'cuda:0'                     2  1e-05        8        1e-09                     0.9  0.409846    0.410524
212    95  'cuda:0'                     2  5e-06        5        1e-09                     0.9  0.409885    0.410481
81     93  'cuda:0'                     2  5e-06        5        1e-05                     0.9  0.409963    0.412001
126    75  'cuda:0'                     2  5e-06        5        1e-05                     0.2  0.409978    0.413476
110   108  'cuda:0'                     4  5e-05        5        1e-09                     0.9  0.409989    0.413351
49     98  'cuda:0'                     4  1e-05        5         0.01                     0.9  0.410014    0.411850
61     87  'cuda:0'                     2  5e-05        5        1e-05                     0.2  0.410053    0.414153
86     79  'cuda:0'                     2  1e-05        5         0.01                     0.2  0.410074    0.416631
57    142  'cuda:0'                     4  5e-05        6        1e-05                     0.9  0.410147    0.414262
154    66  'cuda:0'                     4  1e-05        4        1e-09                     0.9  0.410332    0.411034
192   184  'cuda:0'                     4  5e-06        8        1e-05                     0.2  0.410337    0.415700
18    132  'cuda:0'                     4  5e-06        6        1e-09                     0.9  0.410379    0.415182
64     88  'cuda:0'                     4  5e-05        5        1e-05                     0.2  0.410420    0.411448
20    111  'cuda:0'                     2  5e-06        6        1e-05                     0.2  0.410455    0.417637
51     70  'cuda:0'                     4  5e-05        4        1e-05                     0.9  0.410569    0.413567
115    71  'cuda:0'                     2  5e-05        4        1e-09                     0.9  0.410627    0.412033
99    195  'cuda:0'                     2  5e-05        8        1e-05                     0.2  0.410749    0.418101
80     38  'cuda:0'                     4  5e-06        4         0.01                     0.2  0.410824    0.417860
142   138  'cuda:0'                     4  1e-05        6        1e-09                     0.9  0.410940    0.412741
207   116  'cuda:0'                     4  1e-05        6         0.01                     0.2  0.410953    0.414114
132    92  'cuda:0'                     4  5e-06        5         0.01                     0.9  0.411066    0.415883
22    114  'cuda:0'                     4  5e-06        6        1e-09                     0.2  0.411191    0.411583
17    179  'cuda:0'                     2  5e-05        7        1e-09                     0.9  0.411229    0.411866
59    115  'cuda:0'                     2  1e-05        6         0.01                     0.2  0.411306    0.411496
191   191  'cuda:0'                     2  1e-05        8        1e-09                     0.2  0.411379    0.413981
130    14  'cuda:0'                     4  5e-05        3         0.01                     0.2  0.411393    0.411647
38      2  'cuda:0'                     4  5e-06        3         0.01                     0.2  0.411559    0.411885
77    128  'cuda:0'                     4  5e-06        6         0.01                     0.9  0.411699    0.413509
7     183  'cuda:0'                     2  5e-06        8        1e-05                     0.2  0.411757    0.413892
118   204  'cuda:0'                     4  5e-06        8        1e-09                     0.9  0.411868    0.413716
10    147  'cuda:0'                     2  5e-06        7        1e-05                     0.2  0.411993    0.417354
52    192  'cuda:0'                     4  1e-05        8        1e-09                     0.2  0.412012    0.413196
195   178  'cuda:0'                     4  5e-05        7        1e-05                     0.9  0.412079    0.415125
69    205  'cuda:0'                     2  1e-05        8         0.01                     0.9  0.412134    0.414963
198   199  'cuda:0'                     2  5e-06        8         0.01                     0.9  0.412283    0.413752
117   208  'cuda:0'                     4  1e-05        8        1e-05                     0.9  0.412334    0.416822
6      96  'cuda:0'                     4  5e-06        5        1e-09                     0.9  0.412466    0.416518
9     165  'cuda:0'                     2  5e-06        7        1e-05                     0.9  0.412838    0.413518
113   126  'cuda:0'                     4  5e-05        6        1e-09                     0.2  0.412937    0.413595
174   201  'cuda:0'                     2  5e-06        8        1e-05                     0.9  0.412951    0.413541
25    186  'cuda:0'                     4  5e-06        8        1e-09                     0.2  0.413085    0.413746
114   150  'cuda:0'                     4  5e-06        7        1e-09                     0.2  0.413209    0.421569
48     51  'cuda:0'                     2  5e-05        4        1e-05                     0.2  0.413323    0.415987
50    106  'cuda:0'                     4  5e-05        5        1e-05                     0.9  0.413332    0.413348
213   202  'cuda:0'                     4  5e-06        8        1e-05                     0.9  0.413661    0.413712
169    80  'cuda:0'                     4  1e-05        5         0.01                     0.2  0.413663    0.414650
0     159  'cuda:0'                     2  5e-05        7        1e-05                     0.2  0.413925    0.414910
71    182  'cuda:0'                     4  5e-06        8         0.01                     0.2  0.414058    0.414872
149    57  'cuda:0'                     2  5e-06        4        1e-05                     0.9  0.414493    0.417280
173    65  'cuda:0'                     2  1e-05        4        1e-09                     0.9  0.414549    0.418526
111   198  'cuda:0'                     4  5e-05        8        1e-09                     0.2  0.414575    0.414933
98     90  'cuda:0'                     4  5e-05        5        1e-09                     0.2  0.414646    0.416647
15    144  'cuda:0'                     4  5e-05        6        1e-09                     0.9  0.414697    0.415429
5     113  'cuda:0'                     2  5e-06        6        1e-09                     0.2  0.414809    0.418429
177   151  'cuda:0'                     2  1e-05        7         0.01                     0.2  0.414896    0.417060
127   203  'cuda:0'                     2  5e-06        8        1e-09                     0.9  0.414933    0.418650
32     99  'cuda:0'                     2  1e-05        5        1e-05                     0.9  0.415292    0.416705
193   112  'cuda:0'                     4  5e-06        6        1e-05                     0.2  0.415797    0.416760
16     94  'cuda:0'                     4  5e-06        5        1e-05                     0.9  0.416082    0.420206
60    146  'cuda:0'                     4  5e-06        7         0.01                     0.2  0.416097    0.417704
76     44  'cuda:0'                     4  1e-05        4         0.01                     0.2  0.416440    0.417835
83    105  'cuda:0'                     2  5e-05        5        1e-05                     0.9  0.417000    0.418116
162    83  'cuda:0'                     2  1e-05        5        1e-09                     0.2  0.417626    0.418036
159     9  'cuda:0'                     2  1e-05        3        1e-05                     0.2  0.418009    0.418231
201   123  'cuda:0'                     2  5e-05        6        1e-05                     0.2  0.418205    0.419404
66    200  'cuda:0'                     4  5e-06        8         0.01                     0.9  0.418944    0.421012
183    74  'cuda:0'                     4  5e-06        5         0.01                     0.2  0.419399    0.420040
79     42  'cuda:0'                     4  5e-06        4        1e-09                     0.2  0.419475    0.420836
14    174  'cuda:0'                     4  1e-05        7        1e-09                     0.9  0.421173    0.423118
155   136  'cuda:0'                     4  1e-05        6        1e-05                     0.9  0.422463    0.424565
1      29  'cuda:0'                     2  1e-05        3        1e-09                     0.9  0.422881    0.423145
164    58  'cuda:0'                     4  5e-06        4        1e-05                     0.9  0.423655    0.424254
176   164  'cuda:0'                     4  5e-06        7         0.01                     0.9  0.424717    0.429823
163    22  'cuda:0'                     4  5e-06        3        1e-05                     0.9  0.430629    0.433027
131   125  'cuda:0'                     2  5e-05        6        1e-09                     0.2  2.594268    2.603177
138    17  'cuda:0'                     2  5e-05        3        1e-09                     0.2  2.639433    2.646581
203    53  'cuda:0'                     2  5e-05        4        1e-09                     0.2  2.657929    2.664850
37    110  'cuda:0'                     4  5e-06        6         0.01                     0.2       NaN         NaN
128   135  'cuda:0'                     2  1e-05        6        1e-05                     0.9       NaN         NaN
